1:4,1,8,6,9,6,1,9,1,7,2,6,9,1,7,9,6,6,5,6,4,9,3,2,8,4,3,1,5,6
2:8,7,3,4,5,2,4,8,7,4,4,5,9,4,6,3,2,8,5,1,6,5,1,7,4,3,6,7,9,7
3:3,6,8,6,9,6,7,3,5,5,4,2,6,4,6,6,1,5,4,4,5,3,8,2,9,2,9,3,9,1
4:4,9,7,5,8,4,4,6,7,1,3,6,9,4,6,9,2,4,1,4,8,4,2,4,8,7,5,6,7,6
5:9,5,7,6,2,7,4,8,4,7,5,4,7,6,5,4,5,4,4,6,3,1,8,4,2,6,5,2,1,4
6:3,9,9,1,1,9,2,2,6,2,6,8,1,8,9,5,5,9,6,9,3,8,1,4,4,7,9,8,8,5
7:8,8,6,3,1,1,4,4,9,4,7,4,3,3,6,6,1,4,6,8,1,6,5,2,4,9,5,5,5,2
8:8,5,1,5,8,3,9,1,1,9,1,2,2,8,4,6,5,7,3,1,1,5,2,5,4,8,3,3,5,8
9:7,6,5,4,2,4,3,3,8,5,7,3,5,7,8,9,5,7,5,4,8,5,4,7,8,7,1,7,2,4
10:2,5,4,2,7,6,6,9,8,5,5,1,7,9,1,4,4,2,4,2,2,9,4,3,9,2,9,7,6,1
11:4,5,1,8,1,9,7,7,6,1,3,9,3,2,5,7,3,7,5,4,6,2,1,7,7,5,2,1,2,5
12:1,7,6,2,5,2,9,6,7,6,8,2,3,6,9,5,1,1,9,2,4,1,5,1,6,5,3,7,2,2
13:8,2,7,5,1,9,4,2,6,5,2,6,5,1,3,8,1,7,3,4,6,3,1,1,8,5,2,2,4,9
14:6,3,8,6,4,8,4,2,5,8,9,3,3,1,6,4,9,5,2,1,8,3,2,6,7,8,8,9,6,1
15:6,3,1,9,2,2,9,7,7,2,1,2,8,4,6,6,4,7,8,1,7,6,7,9,4,6,4,9,7,2
16:2,5,7,4,3,4,6,4,5,3,2,8,7,5,3,6,8,4,5,2,4,8,3,9,1,3,9,7,7,6
17:1,7,1,2,8,1,8,5,7,8,5,1,4,3,3,7,9,1,3,6,7,8,6,9,2,3,7,7,2,2
18:4,8,2,6,2,7,8,9,1,9,8,8,9,1,3,2,6,1,7,8,2,4,4,7,2,6,9,8,1,5
19:8,1,1,6,5,9,7,5,8,6,4,9,6,7,2,8,6,9,8,9,6,3,3,4,2,1,9,3,3,9
20:2,8,5,4,6,5,3,5,1,5,2,2,7,4,2,3,5,3,4,8,5,1,5,9,2,4,1,8,1,9
21:8,1,9,7,6,6,8,3,4,9,2,4,1,7,5,5,7,9,2,1,1,6,5,8,1,5,4,1,2,5
22:6,3,8,6,4,8,4,2,5,8,9,3,3,1,6,4,9,5,2,1,8,3,2,6,7,8,8,9,6,5
23:6,6,1,2,2,7,9,6,6,4,3,9,1,4,5,5,2,4,5,9,1,1,3,9,5,2,5,8,9,6
24:2,1,6,4,5,7,4,8,4,4,6,7,4,2,8,3,9,6,1,1,6,1,3,1,1,9,8,1,6,9
25:5,1,7,1,9,2,4,9,7,7,1,7,8,2,7,9,7,2,1,2,6,5,4,1,5,1,8,3,9,9
26:9,9,9,1,3,4,6,4,8,1,3,3,2,4,1,1,5,9,8,6,9,7,5,9,9,1,3,7,7,5
27:8,5,2,2,9,3,1,7,2,2,8,3,9,8,1,1,2,6,1,8,6,1,6,7,9,1,3,2,9,9
28:9,8,4,3,3,6,7,4,3,5,3,7,2,7,9,9,7,2,6,2,6,8,2,5,5,8,6,5,4,7
29:8,5,5,2,9,9,3,1,9,4,6,8,6,7,7,5,6,9,9,2,7,2,4,2,5,3,5,7,2,7
30:5,1,3,6,1,1,8,2,6,5,2,5,5,8,4,5,9,1,1,2,5,7,5,7,6,2,5,1,7,5
31:2,8,5,4,6,5,3,5,1,5,2,2,7,4,2,3,5,3,4,8,5,1,5,9,2,4,1,8,1,9
32:6,3,5,6,4,3,6,1,8,2,8,7,9,8,2,7,7,9,4,4,1,6,8,7,1,5,5,5,3,5
33:4,1,9,7,7,1,2,3,3,3,9,8,2,1,5,1,5,4,2,4,6,2,7,6,6,2,1,1,8,7
34:1,3,7,9,3,2,6,4,3,4,8,4,6,8,2,9,1,5,1,5,6,9,2,9,6,4,2,1,3,7
35:7,1,2,9,8,9,5,3,2,9,6,7,6,9,8,5,9,8,2,7,3,1,5,2,6,9,7,5,6,2
36:1,6,4,2,8,5,7,8,3,8,2,4,2,1,6,7,3,5,8,4,6,4,1,4,3,7,9,9,1,3
37:4,1,8,2,9,6,1,9,1,7,2,6,9,1,7,9,6,6,5,6,4,9,3,2,8,4,3,1,5,6
38:8,1,9,7,6,6,8,3,4,9,2,4,1,7,5,5,7,9,2,1,1,6,5,8,1,5,4,1,2,9
39:8,3,6,9,7,4,1,9,1,8,6,8,8,3,6,6,9,6,7,8,4,2,2,2,6,8,2,2,5,6
40:8,5,2,2,9,3,1,7,2,2,8,3,9,8,1,1,2,6,1,8,6,1,6,7,9,1,3,2,9,2
41:6,3,5,6,4,3,6,1,8,2,8,7,9,8,2,1,7,9,4,4,1,6,8,7,1,5,5,5,3,9
42:3,7,5,8,8,9,5,6,5,4,2,2,4,6,3,6,2,1,9,6,5,8,9,2,3,2,8,5,2,7
43:6,2,5,6,7,8,6,6,6,7,7,8,8,8,5,5,6,2,4,7,2,1,7,7,4,7,3,9,3,6
44:9,8,5,9,3,6,8,8,6,8,4,3,7,7,5,8,6,8,4,4,2,7,5,8,4,2,5,9,5,4
45:4,6,6,4,2,6,5,5,4,3,1,3,8,5,2,6,7,4,1,9,6,3,8,7,8,2,5,7,6,9
46:8,5,2,1,4,1,8,6,4,8,7,2,2,1,9,4,1,6,7,2,4,4,8,7,1,2,7,1,9,8
47:9,5,6,2,5,5,9,4,8,6,3,3,7,9,9,8,8,9,8,8,7,1,2,8,8,9,2,5,9,7
48:2,2,6,7,3,4,5,8,9,6,9,7,5,2,3,8,3,7,6,6,1,1,4,8,9,1,6,4,3,4
49:1,2,1,7,4,9,2,6,9,5,6,9,6,2,8,1,7,6,3,5,4,6,3,7,3,6,5,8,7,2
50:8,8,9,5,7,1,4,5,2,8,2,4,8,6,5,3,3,6,5,8,8,3,2,8,5,4,5,2,8,5
51:3,2,6,8,4,1,9,2,8,9,6,7,6,7,3,4,6,9,9,1,4,9,3,8,6,4,8,5,7,2
52:9,7,6,3,6,9,4,8,5,3,3,1,7,9,9,7,9,6,4,3,3,7,6,2,2,5,1,2,4,3
53:3,7,4,1,1,3,4,1,5,6,6,8,1,4,1,3,3,7,3,8,2,9,7,1,7,1,1,2,5,3
54:1,1,1,6,6,3,5,8,6,9,2,9,5,9,9,4,4,5,2,1,2,6,2,8,1,2,6,5,5,9
55:5,5,8,5,6,4,5,8,3,8,8,3,9,4,9,3,2,7,1,5,5,2,4,7,9,4,2,9,4,1
56:8,2,1,6,9,2,9,8,7,7,8,3,9,9,6,5,7,7,7,7,2,7,8,9,7,9,3,6,7,2
57:8,4,7,9,8,8,5,1,9,1,7,6,1,5,1,5,5,1,2,6,9,2,7,1,2,3,7,7,7,4
58:8,2,8,3,9,4,3,8,7,7,7,5,1,9,1,3,4,4,7,7,8,9,5,1,1,4,3,9,2,9
59:6,2,4,4,9,2,7,5,3,9,4,8,4,1,5,1,8,7,7,8,6,9,7,5,5,4,3,8,7,6
60:3,5,5,6,8,9,7,1,8,2,6,2,4,3,8,6,2,1,6,6,3,5,8,8,3,8,8,2,9,9
61:3,2,7,2,9,9,6,2,1,4,2,5,4,1,9,9,2,2,1,6,5,1,4,7,7,7,3,4,3,7
62:4,5,6,8,1,9,7,7,6,1,3,9,3,2,5,7,3,7,5,4,6,2,1,7,7,5,2,1,2,5
63:6,9,4,9,7,7,6,8,1,2,7,3,2,3,3,6,3,6,2,3,6,3,3,3,2,3,4,1,3,5
64:3,3,8,6,5,6,6,3,2,4,6,1,1,4,1,7,6,8,3,5,4,5,6,3,7,8,1,1,9,8
65:3,2,6,1,9,3,5,2,8,3,9,3,6,5,6,3,1,8,3,9,7,2,4,7,8,8,1,5,4,9
66:6,4,7,8,3,6,3,8,9,2,4,1,8,6,7,3,8,9,5,5,7,9,4,7,2,3,8,9,3,8
67:5,3,1,8,7,9,5,7,1,9,6,8,4,6,8,1,6,4,9,3,2,5,6,3,5,4,5,6,6,5
68:7,3,6,3,3,2,6,1,2,6,5,6,8,6,2,3,3,3,5,8,2,7,8,9,4,7,4,2,2,1
69:5,5,8,5,6,4,5,8,3,8,8,3,9,4,9,3,2,7,1,5,5,2,4,7,9,4,2,9,4,4
70:8,1,4,3,3,1,9,4,6,4,5,5,5,6,7,1,4,6,8,9,3,2,5,8,9,9,1,4,7,1
71:2,2,6,1,4,2,3,5,2,7,1,6,1,6,6,7,6,7,7,1,2,7,6,6,2,6,9,7,3,4
72:2,1,3,1,1,3,5,6,3,6,4,9,8,2,3,4,4,1,9,4,7,7,9,9,6,2,2,7,6,4
73:7,2,7,9,3,6,6,6,7,2,6,2,2,6,3,4,8,2,3,4,5,4,4,3,1,4,1,8,6,1
74:4,8,9,1,6,8,1,5,9,1,6,3,6,5,4,7,6,6,3,4,2,2,3,2,3,9,3,1,7,4
75:1,2,8,7,4,1,3,9,3,5,6,9,2,7,4,1,6,4,8,1,3,8,7,7,3,2,3,6,5,6
76:4,7,6,3,7,3,3,2,5,7,5,6,2,3,5,3,8,1,5,4,1,2,6,4,2,6,1,3,5,9
77:7,8,2,6,8,7,9,2,7,2,6,1,6,6,5,4,7,4,1,5,2,6,8,4,3,3,5,2,8,4
78:1,7,6,9,5,2,9,6,7,6,8,2,3,6,9,5,1,1,9,2,4,1,5,1,6,5,3,7,2,2
79:2,8,5,4,6,5,3,5,1,5,2,2,7,4,2,3,5,3,4,8,5,1,5,9,2,4,1,8,1,4
80:5,1,7,8,7,1,2,8,6,6,7,6,8,8,6,7,8,8,5,7,6,7,2,9,3,3,1,1,7,8
81:4,1,7,7,4,3,3,7,9,8,1,5,5,3,2,8,9,2,3,6,1,1,5,7,8,4,5,3,5,1
82:7,2,7,6,7,1,9,4,2,8,4,5,9,1,1,9,9,2,2,2,3,2,1,6,1,9,9,1,5,1
83:9,2,1,4,7,7,4,6,9,2,1,3,4,8,7,4,2,6,2,5,4,5,4,5,6,4,7,3,9,2
84:1,5,7,5,5,4,8,5,6,1,2,2,6,9,9,9,9,8,6,7,1,4,3,6,9,4,8,2,3,1
85:7,1,4,5,6,8,5,4,5,4,2,9,5,2,3,9,3,8,1,7,7,8,5,4,3,4,8,2,8,9
86:1,1,1,2,7,5,1,9,6,8,4,6,7,9,8,6,2,9,7,2,8,4,2,1,1,3,4,1,9,7
87:6,1,3,4,8,7,6,2,5,2,1,5,3,5,4,7,3,7,5,9,5,9,5,7,1,3,6,2,1,4
88:9,2,5,9,9,8,7,4,2,4,7,5,5,5,3,2,8,6,7,1,8,4,1,1,4,3,3,5,3,4
89:3,5,7,2,3,7,3,3,1,9,5,4,5,1,8,7,1,3,5,2,6,6,7,6,5,6,7,8,1,5
90:3,5,9,3,8,7,9,5,4,3,6,3,3,4,7,8,7,5,2,6,1,1,1,2,9,7,6,6,2,6
91:8,8,1,2,8,3,8,2,4,2,8,8,7,6,4,5,8,3,4,9,5,1,9,1,2,7,5,9,3,3
92:7,5,6,2,2,4,5,8,8,1,8,4,8,9,5,6,2,8,4,6,6,6,3,6,5,7,4,9,1,1
93:8,1,1,6,5,9,7,5,8,1,4,9,6,7,2,8,6,9,8,9,6,3,3,4,2,1,9,3,3,3
94:6,7,8,8,5,1,1,6,1,4,7,9,8,1,7,6,9,4,5,5,2,9,6,5,4,2,3,6,9,2
95:5,7,7,7,2,1,9,1,7,3,3,9,8,7,1,1,9,8,2,5,4,5,1,7,3,3,2,1,6,8
96:8,6,3,8,3,2,1,6,5,9,6,9,5,8,8,4,4,6,1,9,2,4,1,3,4,4,2,3,2,9
97:9,1,1,6,2,2,3,7,6,1,5,5,3,1,1,4,9,6,6,5,6,9,2,3,3,3,3,1,1,8
98:6,1,3,4,8,7,6,2,5,2,1,5,3,5,4,7,3,7,5,9,9,9,5,7,1,3,6,2,1,8
99:1,8,7,6,7,7,1,6,1,6,3,5,1,9,3,6,8,2,7,4,5,5,8,9,3,7,8,6,5,7
100:8,6,1,8,6,7,5,2,8,6,9,7,6,4,3,2,3,7,9,1,8,5,4,7,8,7,4,2,8,3
101:7,8,6,3,3,7,8,8,1,5,3,2,5,3,5,9,3,5,8,3,3,4,6,4,5,3,1,6,1,3
102:9,5,4,8,9,7,3,7,1,6,3,4,4,6,8,9,5,9,7,6,5,2,1,7,4,1,4,8,4,9
103:1,1,5,9,4,5,1,7,1,5,2,2,1,9,5,1,7,7,1,7,3,8,9,8,5,7,8,4,9,5
104:1,3,7,9,3,2,6,4,3,4,8,4,6,8,2,9,1,5,1,5,6,9,2,9,6,4,2,1,3,9
105:2,6,5,2,9,3,6,5,4,7,5,9,8,1,7,9,5,7,5,7,4,7,3,6,7,3,9,7,5,6
106:3,8,5,2,7,3,8,4,6,7,7,8,6,7,6,8,4,9,4,8,1,9,3,8,4,9,9,4,7,9
107:5,1,4,8,2,9,5,6,5,1,1,2,8,9,3,9,3,9,6,5,5,9,8,1,1,1,4,1,6,1
108:1,8,8,1,9,8,2,2,2,3,9,6,1,3,6,9,1,1,3,4,8,1,7,5,6,6,8,9,9,7
109:6,3,2,9,2,2,9,7,7,2,1,2,8,4,6,6,4,7,8,1,7,6,7,9,4,6,4,9,7,1
110:9,2,7,2,1,9,9,1,1,2,9,5,6,1,6,4,6,4,3,8,3,5,7,1,7,1,5,2,5,7
111:9,2,7,5,6,6,8,4,2,4,2,8,7,3,2,5,2,1,4,6,8,3,2,6,3,5,4,7,1,5
112:8,3,4,2,1,8,3,5,6,1,2,3,4,6,4,4,7,7,6,3,9,3,6,2,1,1,8,4,3,3
113:3,7,9,1,1,9,2,2,6,2,6,8,1,8,9,5,5,9,6,9,3,8,1,4,4,7,9,8,8,5
114:1,6,6,4,5,3,7,8,5,8,5,2,3,8,2,6,9,9,7,7,8,5,9,2,4,4,8,1,6,6
115:8,4,7,9,8,8,5,1,9,1,7,6,2,5,1,5,5,1,2,6,9,2,7,1,2,3,7,7,7,4
116:9,2,4,3,8,1,4,8,4,5,9,5,2,7,3,8,4,6,8,2,3,2,7,2,4,7,5,8,4,7
117:8,2,4,2,4,1,1,1,6,7,7,4,7,4,4,5,9,1,9,5,7,4,7,2,1,6,2,9,7,7
118:6,2,5,6,7,8,6,6,6,7,7,8,8,8,5,5,6,2,4,7,2,1,7,7,4,7,3,9,3,8
119:6,3,1,9,2,2,9,7,7,2,1,2,8,4,6,6,4,7,8,1,7,6,7,9,4,6,4,9,7,1
120:7,6,6,7,4,2,3,4,8,9,9,1,4,3,8,5,8,7,7,5,2,5,1,2,4,1,8,7,4,7
121:7,4,3,3,2,6,6,5,1,1,1,6,8,3,2,9,4,4,9,3,7,7,9,2,9,2,7,1,8,1
122:2,9,4,5,2,8,7,3,1,2,2,9,5,8,5,2,5,9,4,1,8,5,9,7,2,4,9,4,2,8
123:2,2,5,3,5,7,3,3,8,6,2,6,4,9,7,9,2,4,6,5,3,6,7,4,9,4,1,6,4,8
124:3,8,6,8,6,3,1,1,8,2,7,5,3,6,8,5,6,5,5,1,7,4,3,6,5,6,1,4,1,4
125:3,3,8,6,5,6,6,3,2,4,6,1,1,4,1,7,6,8,3,5,4,5,6,3,7,3,1,1,9,8
126:3,3,8,6,5,6,6,3,2,4,6,1,1,4,1,7,6,8,3,5,4,5,6,3,7,3,1,1,9,3
127:4,1,3,3,2,5,7,5,9,7,2,1,6,2,3,2,5,8,4,6,3,7,5,3,8,1,2,1,7,2
128:1,7,6,2,5,2,9,6,7,6,8,2,3,6,9,5,1,1,9,2,4,1,5,1,6,5,3,7,2,8
129:3,2,6,6,1,8,9,4,1,9,2,9,7,5,2,1,3,3,4,8,7,8,2,8,1,3,9,8,2,9
130:9,2,5,4,7,1,8,6,7,3,6,8,6,1,4,1,4,7,1,8,9,9,9,8,4,6,6,6,2,1
131:4,5,1,8,1,9,7,7,6,1,3,9,3,2,5,7,3,7,5,4,6,2,1,7,7,5,2,1,2,6
132:8,4,1,7,8,4,8,5,1,4,9,1,4,6,8,9,9,4,7,5,1,3,4,1,3,4,5,8,1,2
133:4,8,2,6,2,7,8,9,1,9,8,8,9,1,3,2,6,1,7,8,2,4,4,7,2,6,9,8,1,9
134:8,8,6,6,1,3,4,5,2,2,8,9,9,7,9,1,4,9,5,6,4,8,4,6,4,9,2,5,9,8
135:6,4,8,1,1,5,1,1,2,1,4,3,4,6,2,6,7,3,1,1,8,7,2,3,1,2,7,3,8,4
136:7,1,6,4,3,1,4,5,5,2,8,7,4,7,4,7,5,1,1,1,8,5,8,8,1,9,8,9,3,3
137:3,7,7,8,5,5,6,1,4,3,5,5,7,4,3,9,9,9,4,6,8,1,5,7,7,9,8,9,1,4
138:7,5,9,8,5,1,9,6,1,4,1,2,3,6,6,8,1,1,2,6,2,8,9,1,3,3,5,4,6,4
139:2,1,6,7,2,1,3,2,2,3,1,7,6,9,4,4,3,6,8,8,3,8,8,2,7,8,5,6,5,4
140:3,2,6,8,4,1,9,2,8,8,6,7,6,7,3,4,6,9,9,1,4,9,3,8,6,4,8,5,7,8
141:2,1,6,4,8,6,2,7,6,4,3,6,1,2,3,1,9,3,3,2,3,7,7,7,1,1,9,5,2,2
142:9,8,4,9,6,4,2,4,5,5,6,3,7,5,1,5,2,5,7,9,8,1,3,9,1,8,3,5,5,3
143:8,8,1,8,7,6,5,5,8,6,6,1,6,6,8,3,2,8,5,7,2,8,2,1,8,7,7,3,9,8
144:1,8,4,3,3,8,3,7,8,8,9,4,2,5,8,9,3,3,3,2,3,2,4,8,7,9,3,3,9,3
145:9,9,8,8,7,3,4,2,5,5,5,4,7,9,6,5,6,6,2,9,2,6,6,9,2,7,7,9,8,2
146:8,4,3,3,2,9,5,5,2,7,7,2,6,7,1,2,4,6,4,8,2,3,3,5,4,8,7,8,8,9
147:4,9,7,8,6,1,2,5,1,9,6,3,5,4,2,9,9,4,3,6,9,4,3,5,8,2,7,4,8,8
148:3,1,2,4,2,1,3,1,9,9,3,6,8,9,7,5,5,8,8,4,3,7,6,7,1,7,3,4,6,7
149:3,5,5,6,8,9,7,1,8,2,6,2,4,3,8,6,2,1,6,6,3,5,8,8,3,8,8,2,9,1
150:6,3,8,6,4,8,4,2,5,8,9,3,4,1,6,4,9,5,2,1,8,3,2,6,7,8,8,9,6,1
151:6,1,6,5,8,4,3,6,9,6,2,1,3,8,4,7,3,5,1,7,5,4,9,4,4,8,8,2,2,2
152:4,5,1,5,2,4,4,9,2,3,1,6,9,1,4,3,4,1,1,1,9,5,4,1,7,6,9,2,6,6
153:2,9,1,6,6,1,9,5,2,3,7,9,4,4,8,6,2,8,7,6,7,6,2,8,7,4,1,8,1,8
154:3,2,7,5,6,6,8,4,2,4,2,8,7,3,2,5,2,1,4,6,8,3,2,6,3,5,4,7,1,7
155:7,6,5,4,9,4,3,3,8,5,7,3,5,7,8,9,5,7,5,4,8,5,4,7,8,7,1,7,2,3
156:6,6,1,2,2,1,9,6,6,4,3,9,1,4,5,5,2,4,5,9,1,1,3,9,5,2,5,8,9,6
157:6,3,2,3,1,2,2,9,6,2,4,2,4,5,5,3,1,1,1,2,9,9,6,7,1,2,2,5,3,8
158:9,8,4,7,1,2,1,4,8,5,7,4,6,4,1,5,8,4,1,8,1,2,2,3,4,1,8,5,9,5
159:3,2,6,6,4,2,2,4,6,6,8,5,2,2,8,2,2,9,7,7,5,3,7,1,6,9,5,1,2,6
160:6,4,2,3,2,9,2,6,3,7,2,1,9,7,5,5,9,5,7,6,4,7,6,2,1,1,8,4,9,5
161:6,2,4,5,1,5,9,3,9,6,8,6,3,9,8,9,6,9,3,2,4,5,4,9,6,3,9,9,1,1
162:1,7,7,9,1,3,4,4,5,7,1,2,1,2,2,8,2,6,2,5,2,4,4,7,1,4,9,3,1,7
163:8,1,4,9,1,9,9,5,8,2,7,1,3,9,7,7,6,6,4,1,3,8,4,9,2,8,2,1,5,7
164:9,5,7,6,2,7,4,8,4,7,5,4,7,6,5,4,5,4,4,6,3,1,8,4,2,6,5,2,1,2
165:5,2,8,7,1,8,5,3,7,1,3,6,1,9,7,8,1,7,5,2,3,1,1,2,9,1,7,1,5,2
166:3,2,2,9,4,1,9,7,7,4,2,8,2,3,7,9,7,1,3,2,3,1,4,5,1,1,7,8,4,7
167:4,2,2,1,9,8,6,1,9,5,4,8,4,2,8,3,2,5,9,1,4,8,4,8,8,7,1,9,5,5
168:4,6,4,7,1,1,3,3,1,1,7,5,4,1,9,9,7,3,4,9,8,4,5,2,6,8,6,1,6,9
169:6,6,1,2,2,1,9,6,6,4,3,9,1,4,5,5,2,4,5,9,1,1,3,9,5,2,5,8,9,1
170:4,1,7,7,4,3,3,7,9,8,1,5,5,3,2,8,9,2,3,6,1,1,5,7,8,4,5,3,5,3
171:5,2,9,6,4,8,4,9,9,4,5,1,7,8,2,5,8,8,8,4,3,3,7,7,3,4,3,5,6,4
172:7,1,6,8,4,4,1,6,7,4,3,1,4,2,9,2,2,9,3,6,7,9,2,5,8,3,5,4,5,2
173:1,9,1,7,4,9,2,6,9,5,6,9,6,2,8,1,7,6,3,5,4,6,3,7,3,6,5,8,7,7
174:5,1,8,7,9,6,3,9,7,1,5,9,4,1,7,3,1,6,3,4,5,2,9,2,4,2,9,4,3,8
175:8,6,1,8,6,7,5,2,8,6,9,7,6,4,3,2,3,7,9,1,8,5,4,7,8,7,4,4,8,3
176:1,8,7,6,7,7,1,6,1,6,3,5,1,9,3,6,8,2,7,4,5,5,8,9,3,7,8,6,5,1
177:3,2,2,9,4,1,9,7,7,4,3,8,2,3,7,9,7,1,3,2,3,1,4,5,1,1,7,8,4,7
178:2,9,1,6,6,1,9,5,2,3,7,9,4,4,8,6,2,8,7,6,7,6,2,8,7,4,1,8,1,5
179:3,2,6,1,9,3,5,2,8,3,9,3,6,5,6,3,1,8,3,9,7,2,4,7,8,8,1,5,4,4
180:9,5,4,6,4,2,3,5,2,5,6,2,4,9,6,1,9,3,5,1,2,6,4,1,8,7,4,6,3,4
181:8,2,3,2,3,8,8,4,9,8,5,9,6,5,4,3,1,2,4,7,3,2,3,8,6,4,7,4,4,4
182:7,4,8,4,7,6,6,8,9,3,7,1,2,5,6,7,3,8,6,6,2,5,5,4,8,7,2,2,5,6
183:3,7,5,8,8,9,5,6,5,4,2,2,4,6,3,6,1,1,9,6,5,8,9,2,3,2,8,5,2,7
184:5,3,4,5,1,7,8,6,4,2,4,3,6,8,3,6,8,4,6,1,3,6,6,8,8,3,4,9,8,5
185:6,7,5,6,7,8,6,6,6,7,7,8,8,8,5,5,6,2,4,7,2,1,7,7,4,7,3,9,3,6
186:3,2,6,8,4,1,9,2,8,8,6,7,6,7,3,4,6,9,9,1,4,9,3,8,6,4,8,5,7,2
187:2,5,4,2,7,6,2,9,8,5,5,1,7,9,1,4,4,2,4,2,2,9,4,3,9,2,9,7,6,8
188:2,1,6,4,5,7,4,8,4,4,6,7,4,2,8,3,9,6,1,1,6,1,3,1,1,9,8,1,6,9
189:3,7,4,1,1,3,4,1,5,6,6,8,1,4,1,3,3,7,3,8,2,9,7,1,7,1,1,2,5,7
190:1,3,7,9,3,2,6,5,3,4,8,4,6,8,2,9,1,5,1,5,6,9,2,9,6,4,2,1,3,9
191:5,6,5,3,2,2,3,7,5,3,8,2,8,1,5,8,9,2,4,6,6,5,6,7,6,6,1,4,9,5
192:8,8,1,2,8,3,8,2,4,2,8,3,7,6,4,5,8,3,4,9,5,1,9,1,2,7,5,9,3,3
193:1,4,4,1,1,6,5,2,7,5,6,6,3,4,8,6,5,8,3,4,3,2,4,7,1,4,1,6,8,1
194:1,3,1,4,5,4,9,6,5,8,3,3,7,6,7,1,8,8,6,6,6,9,7,6,1,4,5,1,7,2
195:2,8,4,6,5,2,7,5,7,4,3,6,1,4,2,2,5,8,6,4,2,4,5,4,2,5,8,7,8,5
196:1,1,1,6,6,3,5,8,6,9,2,9,9,9,9,4,4,5,2,1,2,6,2,8,1,2,6,5,5,9
197:4,6,5,9,5,4,2,2,8,7,5,7,3,5,1,4,9,1,9,9,5,3,8,1,8,2,4,3,2,8
198:8,2,1,6,9,2,9,8,7,7,8,3,9,9,6,5,7,7,7,7,2,7,8,9,7,9,3,6,7,1
199:7,4,4,8,5,2,4,6,4,2,7,2,8,4,1,8,9,8,7,8,9,4,1,5,6,7,8,9,3,3
200:4,1,7,7,4,3,3,7,9,8,1,5,5,3,2,8,9,2,3,6,1,1,5,4,8,4,5,3,5,1
201:5,1,8,7,9,6,4,9,7,1,5,9,4,1,7,3,1,6,3,4,5,2,9,2,4,2,9,4,3,4
202:2,8,6,8,8,1,1,4,7,4,5,6,2,3,8,1,9,7,8,8,8,2,6,1,1,5,3,4,1,8
203:4,2,7,2,1,3,8,7,8,5,6,7,9,2,7,3,2,6,8,9,1,7,6,3,7,7,8,6,9,7
204:4,8,2,6,2,7,8,9,1,9,8,8,9,1,3,2,6,1,7,8,2,8,4,7,2,6,9,8,1,9
205:7,8,4,5,1,6,4,3,3,9,2,8,9,2,5,8,1,6,2,2,5,2,5,6,5,9,9,9,1,1
206:9,5,4,8,9,7,3,7,1,7,3,4,4,6,8,9,5,9,7,6,5,2,1,7,4,1,4,8,4,9
207:4,6,4,8,7,1,6,3,9,2,1,3,8,8,5,1,1,5,1,3,8,1,4,1,8,7,6,1,6,7
208:6,3,9,2,3,9,1,7,8,6,9,4,5,8,2,4,4,5,5,2,5,6,5,8,4,7,1,4,8,4
209:2,8,8,4,5,2,7,6,2,2,3,1,5,3,8,7,7,3,2,8,1,6,9,7,1,3,7,9,3,4
210:8,5,2,1,4,1,8,6,4,8,2,2,2,1,9,4,1,6,7,2,4,4,8,7,1,2,7,1,9,1
211:8,1,4,9,1,9,9,5,8,2,7,1,3,9,7,7,6,6,4,9,3,8,4,9,2,8,2,1,5,8
212:2,4,4,1,6,8,9,2,4,5,7,8,1,4,7,7,2,3,4,1,6,6,8,5,5,7,3,1,5,8
213:3,1,1,8,1,6,9,3,3,9,2,8,4,9,1,1,7,6,3,1,5,1,2,8,5,3,4,3,8,8
214:6,3,2,3,1,2,2,8,6,2,4,2,4,5,5,3,1,1,1,2,9,9,6,7,1,2,2,5,3,7
215:8,6,3,8,3,2,1,6,5,9,6,9,5,8,8,4,4,6,1,9,2,4,1,3,4,4,2,3,2,6
216:7,9,8,3,2,3,8,2,5,2,9,7,8,5,5,8,6,4,7,8,8,1,7,3,6,4,3,4,9,8
217:1,8,7,6,7,7,1,6,1,6,4,5,1,9,3,6,8,2,7,4,5,5,8,9,3,7,8,6,5,7
218:8,6,1,8,6,7,5,2,8,6,9,7,6,4,3,2,3,7,9,1,8,5,4,7,8,7,4,2,8,8
219:9,3,8,2,4,1,4,6,3,7,2,4,8,9,1,8,5,8,3,5,2,8,1,3,6,4,9,6,3,9
220:7,2,2,6,8,7,9,2,7,2,6,1,6,6,5,4,7,4,1,5,2,6,8,4,3,3,5,2,8,7
221:2,1,1,8,8,3,6,1,5,4,8,7,3,7,8,2,9,1,7,1,7,3,5,2,7,5,4,8,4,9
222:8,2,2,7,1,1,3,2,2,4,9,2,7,4,4,9,3,5,2,1,4,5,5,2,6,3,5,9,2,1
223:8,2,9,2,2,6,9,9,3,5,4,1,7,3,5,5,7,4,4,7,1,7,7,7,3,1,1,8,4,1
224:7,1,4,6,9,2,7,6,1,8,3,6,3,5,2,3,9,5,9,7,8,6,8,7,2,5,1,7,9,9
225:5,5,8,5,6,4,5,8,3,8,8,3,9,4,9,3,2,7,1,5,5,2,4,7,9,4,2,2,4,1
226:9,1,1,6,2,2,3,7,6,1,5,5,3,1,1,4,9,6,6,5,6,9,2,3,3,3,3,1,1,4
227:3,6,8,6,9,6,7,3,5,5,4,2,6,4,6,6,1,5,3,4,5,3,8,2,9,2,9,3,9,9
228:1,3,2,9,3,1,9,7,3,6,3,9,6,8,3,6,6,4,3,8,6,9,6,4,3,8,4,9,6,6
229:9,5,4,8,9,7,3,7,1,7,3,4,4,6,8,9,5,9,7,6,5,2,1,7,4,1,4,8,4,1
230:8,1,1,6,5,9,7,5,8,6,4,9,6,7,2,8,6,9,8,9,6,3,3,4,2,1,9,3,3,3
231:7,2,7,1,1,5,2,4,3,6,4,1,3,1,7,5,7,4,7,5,6,5,8,9,9,9,8,5,4,8
232:8,6,7,1,1,8,9,5,7,5,5,1,5,1,5,8,2,9,3,4,3,9,3,7,1,6,5,1,4,9
233:9,6,1,9,1,6,7,3,6,2,6,1,5,7,4,1,7,7,1,7,3,7,4,7,4,6,8,6,8,6
234:6,1,8,8,5,6,1,3,9,9,1,4,7,9,9,7,8,3,5,6,7,6,6,3,4,2,6,7,8,7
235:7,1,4,6,9,2,7,6,1,8,3,6,3,5,2,3,9,5,9,7,8,6,8,7,2,5,1,7,9,1
236:9,1,3,2,4,5,7,3,7,6,9,3,8,5,8,2,8,5,1,1,2,9,3,9,1,8,3,9,2,9
237:1,3,2,9,3,1,9,7,3,1,3,9,6,8,3,6,6,4,3,8,6,9,6,4,3,8,4,9,6,6
238:1,7,7,5,9,8,3,8,5,2,8,6,4,4,2,8,6,3,5,4,4,7,8,3,4,1,8,2,8,8
239:1,4,4,1,1,6,5,2,7,5,6,6,3,4,8,6,5,8,3,4,3,2,2,7,1,4,1,6,8,1
240:7,1,6,8,2,9,4,6,2,8,8,3,3,9,4,6,9,6,3,4,7,7,9,8,7,6,5,4,1,9
241:1,5,1,1,9,1,5,5,2,8,9,1,1,3,5,9,2,8,6,8,9,5,9,2,3,9,6,6,8,8
242:6,9,3,4,7,6,7,9,2,1,7,2,3,1,6,8,7,1,4,1,2,5,9,7,3,8,8,3,3,7
243:8,5,5,2,9,9,3,1,9,4,6,8,6,7,7,5,6,9,9,2,7,2,4,2,5,3,5,7,2,2
244:3,4,6,9,6,1,3,4,9,4,7,3,3,1,1,7,3,1,6,2,1,5,8,9,6,2,3,6,6,1
245:8,1,4,9,1,9,9,5,8,2,7,1,3,9,7,7,6,6,4,9,3,8,4,9,2,8,2,1,5,7
246:8,6,3,8,3,2,1,6,5,9,6,9,5,8,8,4,4,6,1,9,2,4,1,3,4,4,9,3,2,9
247:5,2,5,3,5,7,3,3,8,6,2,6,4,9,7,9,2,4,6,5,3,6,7,4,9,4,1,6,4,5
248:8,3,6,9,7,4,1,9,1,8,6,8,8,3,6,6,9,6,7,8,4,6,2,2,6,8,2,2,5,5
249:1,1,4,1,4,3,3,8,2,3,8,7,2,7,9,6,5,7,3,9,1,9,5,5,2,2,2,9,1,6
250:8,2,1,6,9,2,9,8,7,7,8,3,9,9,6,5,7,7,7,7,2,7,8,9,7,9,3,6,7,2
251:3,3,7,8,8,8,1,1,5,8,7,8,2,5,4,5,4,4,9,8,2,8,1,1,4,8,6,7,7,8
252:6,3,8,7,8,6,4,7,9,5,2,8,7,3,6,8,4,1,4,4,7,5,9,1,7,1,4,5,1,3
253:5,3,3,4,1,2,7,1,8,1,1,1,3,8,6,5,5,6,5,1,1,2,4,2,8,7,7,8,1,4
254:5,6,2,4,5,5,5,3,2,3,8,9,7,4,4,8,8,5,9,3,1,5,3,4,7,7,4,6,7,8
255:5,5,1,5,9,2,5,7,9,2,4,7,3,9,8,5,4,2,4,5,8,6,1,6,5,3,3,8,8,1
256:9,4,2,5,1,2,6,5,9,7,9,9,6,2,5,4,8,9,1,4,3,6,2,7,2,1,6,1,3,1
257:4,1,8,2,9,6,1,9,1,7,2,6,9,1,7,9,6,6,5,6,4,9,3,2,8,4,3,1,5,7
258:2,4,6,8,9,4,6,4,4,1,9,9,6,3,4,1,8,9,2,5,4,5,7,7,7,5,2,5,1,6
259:7,1,6,4,3,1,4,5,5,2,8,7,4,7,4,7,5,1,1,1,8,5,8,8,1,9,8,9,3,7
260:8,1,9,7,6,6,2,3,4,9,2,4,1,7,5,5,7,9,2,1,1,6,5,8,1,5,4,1,2,5
261:2,1,1,8,8,3,6,1,5,4,8,7,3,7,8,2,9,1,7,1,7,3,5,2,7,5,4,8,4,1
262:8,8,6,3,1,1,4,4,9,1,7,4,3,3,6,6,1,4,6,8,1,6,5,2,4,9,5,5,5,6
263:8,2,9,5,8,9,4,6,6,6,8,4,9,1,5,4,5,4,8,3,1,1,9,2,5,4,5,1,9,8
264:6,8,6,8,6,5,9,3,7,3,4,6,2,1,6,8,6,7,5,8,1,1,1,9,3,1,1,6,4,1
265:4,2,7,9,7,4,2,2,8,5,7,5,5,2,6,3,2,1,7,6,5,2,7,6,9,9,1,5,6,9
266:2,1,6,7,2,1,3,2,2,3,1,7,6,9,4,4,3,6,8,8,3,8,8,2,7,8,5,6,5,3
267:2,5,4,2,7,6,6,9,8,5,5,1,7,9,1,4,4,2,4,2,2,9,4,3,9,2,9,7,6,8
268:2,9,1,6,6,1,9,5,2,1,7,9,4,4,8,6,2,8,7,6,7,6,2,8,7,4,1,8,1,5
269:4,2,2,1,9,8,6,1,9,5,4,9,4,2,8,3,2,5,9,1,4,8,4,8,8,7,1,9,5,3
270:9,1,1,6,2,2,3,4,6,1,5,5,3,1,1,4,9,6,6,5,6,9,2,3,3,3,3,1,1,4
271:8,3,6,7,3,3,5,5,4,6,3,9,3,4,2,8,6,4,1,3,6,4,5,7,3,4,7,9,1,1
272:8,4,7,9,8,8,5,1,9,1,7,6,1,5,1,5,5,1,2,6,9,2,7,1,2,3,7,7,7,4
273:3,5,1,4,8,6,1,5,2,6,2,4,9,4,9,6,7,3,5,8,4,8,7,4,8,3,4,5,1,5
274:9,2,4,1,6,7,5,5,1,4,2,8,9,4,1,7,7,3,8,3,2,3,8,9,4,2,9,1,6,8
275:9,5,1,6,9,6,8,4,3,3,6,7,2,7,7,5,5,8,5,9,5,4,9,9,4,8,1,8,9,3
276:7,4,9,1,5,7,4,8,7,5,4,6,9,3,8,8,7,9,4,8,5,3,5,6,3,4,8,1,3,2
277:4,7,5,1,2,6,9,2,8,5,8,6,4,7,2,4,3,5,6,6,6,3,9,4,6,9,3,1,8,5
278:3,5,2,1,1,1,3,7,6,7,6,7,8,6,1,4,8,6,7,6,4,8,5,5,1,1,3,1,7,9
279:7,5,7,6,5,9,4,3,6,1,1,1,3,7,1,6,2,9,6,5,6,2,3,2,2,5,1,6,9,1
280:6,1,3,4,8,7,6,2,5,2,1,5,3,5,4,7,3,7,5,9,9,9,5,7,1,3,6,2,1,4
281:8,6,7,1,1,8,9,5,7,5,5,1,5,1,5,8,2,9,3,4,3,9,3,7,1,6,5,1,4,7
282:7,3,6,6,2,7,8,9,5,7,4,9,5,5,8,4,8,8,1,4,3,4,6,6,5,9,4,7,9,7
283:4,6,9,1,3,9,1,6,2,5,7,3,2,2,1,9,8,4,2,7,9,9,2,2,7,1,3,8,1,1
284:5,1,7,8,7,1,2,8,6,6,7,6,8,8,6,7,8,8,5,7,6,7,2,9,3,3,1,1,7,1
285:6,2,4,4,5,2,7,5,3,9,4,8,4,1,5,1,8,7,7,8,6,9,7,5,5,4,3,8,7,6
286:1,4,4,1,1,6,5,2,7,5,6,6,3,4,8,6,5,8,3,4,3,2,2,7,1,4,1,6,8,6
287:4,7,5,3,4,8,9,2,9,3,8,9,1,8,3,3,2,7,3,6,5,4,7,4,7,9,5,4,3,2
288:8,2,7,5,1,9,4,2,6,5,2,6,5,5,3,8,1,7,3,4,6,3,1,1,8,5,2,2,4,9
289:6,4,7,8,3,6,3,8,9,2,4,1,8,6,7,3,8,9,5,5,7,9,4,7,2,3,8,9,9,8
290:9,8,1,8,3,1,3,3,5,9,9,6,5,3,1,6,2,5,8,4,5,2,3,4,3,3,2,2,9,6
291:1,8,2,8,5,6,6,1,9,3,3,7,2,4,5,8,6,7,7,9,8,1,8,3,8,1,5,4,4,3
292:2,7,8,8,5,8,1,3,4,6,6,9,6,7,5,8,1,4,5,2,1,1,1,2,2,9,2,4,5,6
293:2,1,4,9,6,3,2,5,1,4,8,7,5,5,6,6,8,4,2,2,8,2,6,3,1,3,7,4,3,2
294:2,6,3,6,2,5,6,8,5,8,5,5,6,3,3,3,6,9,8,4,4,9,7,2,2,4,2,6,7,4
295:9,2,3,1,6,2,2,9,7,5,5,5,5,8,5,7,6,1,5,5,2,7,5,1,8,5,2,6,7,8
296:5,6,5,3,2,2,3,7,5,3,8,2,8,1,5,8,9,2,4,6,6,5,6,7,6,6,1,4,9,3
297:9,5,7,6,2,7,4,8,4,7,5,4,7,6,5,4,5,4,4,6,3,1,8,4,2,6,8,2,1,4
298:5,6,5,3,5,2,3,7,5,3,8,2,8,1,5,8,9,2,4,6,6,5,6,7,6,6,1,4,9,3
299:1,6,1,9,2,7,3,5,9,2,7,7,3,4,1,6,3,7,8,6,1,1,8,7,9,8,6,6,7,3
300:7,9,4,6,7,5,1,3,8,8,1,8,8,2,8,5,8,6,1,2,4,5,1,4,3,9,4,9,7,5
301:1,1,1,5,9,5,9,8,3,2,5,4,8,6,3,4,1,9,9,3,6,4,4,1,5,1,1,8,4,5
302:5,8,7,1,4,9,4,4,7,5,3,6,1,2,1,3,8,7,3,7,6,3,3,1,7,9,4,2,8,6
303:5,7,4,3,9,6,2,6,2,1,1,2,3,1,5,5,7,5,1,9,7,6,6,4,7,2,5,9,1,8
304:7,4,3,1,5,7,4,8,7,5,4,6,9,3,8,8,7,9,4,8,5,3,5,6,3,4,8,1,3,1
305:4,8,4,4,8,4,7,5,9,9,8,9,8,4,1,1,6,3,4,8,6,4,7,6,3,6,3,9,6,8
306:2,5,7,4,3,4,6,4,5,3,2,8,7,5,3,6,8,4,5,8,4,8,3,9,1,3,9,7,7,2
307:7,2,7,9,3,6,6,6,7,2,6,2,2,6,3,4,8,2,3,4,5,4,4,3,1,4,1,8,6,8
308:5,2,7,3,8,4,3,5,8,7,6,6,3,1,7,4,5,8,8,2,7,3,1,8,7,6,8,6,3,1
309:1,2,3,5,7,8,1,7,9,2,7,8,5,4,6,7,9,4,8,3,9,3,2,2,4,3,7,6,8,6
310:2,3,6,2,9,7,8,4,7,7,5,2,4,2,2,7,8,5,3,8,8,4,9,8,3,5,5,3,1,8
311:7,1,5,2,9,1,2,9,2,6,3,8,8,3,1,6,2,8,3,8,6,5,8,4,5,5,2,6,1,2
312:9,1,7,4,8,4,3,9,1,2,7,7,3,6,8,7,2,2,2,9,5,9,3,3,4,7,2,6,5,9
313:5,2,5,3,5,7,3,3,8,6,2,6,4,9,7,9,2,4,6,5,3,6,7,4,9,4,1,6,4,8
314:1,1,1,6,6,3,5,8,6,9,2,9,9,9,9,4,4,5,2,1,2,6,2,8,1,2,6,5,5,2
315:9,2,3,1,6,1,3,2,7,6,3,4,4,4,8,1,4,4,7,5,2,3,5,3,8,3,2,6,1,6
316:3,8,8,8,6,1,9,4,2,4,8,4,7,2,8,3,3,7,8,6,6,1,8,6,2,7,3,8,1,6
317:7,8,5,1,6,2,7,5,4,8,3,6,4,8,9,6,5,9,7,4,1,5,6,6,7,4,5,6,3,2
318:7,2,2,6,8,7,9,2,7,2,6,1,6,6,5,4,7,4,1,5,2,6,8,4,3,3,5,2,8,4
319:2,1,7,2,5,5,5,9,2,9,8,9,1,6,1,3,8,3,7,6,2,6,6,5,1,7,4,9,6,1
320:1,1,1,2,7,5,1,9,6,8,4,6,7,9,8,6,2,9,7,2,8,4,2,1,1,3,4,1,9,9
321:8,5,2,2,9,4,1,7,2,2,8,3,9,8,1,1,2,6,1,8,6,1,6,7,9,1,3,2,9,9
322:9,9,9,1,3,4,6,4,8,1,3,3,2,4,1,1,5,9,8,6,9,7,5,9,9,1,3,7,7,5
323:1,7,7,4,5,4,7,2,5,8,3,3,3,2,4,5,5,7,8,3,1,4,9,2,9,4,7,6,8,5
324:5,1,5,1,5,8,4,1,2,7,9,7,5,1,6,8,2,3,1,3,9,3,8,7,5,3,4,4,4,5
325:9,2,8,2,1,6,7,2,9,7,2,7,7,7,5,2,2,8,8,5,4,7,7,5,7,1,6,5,3,6
326:9,4,2,5,1,2,6,5,9,7,9,9,6,2,5,4,8,9,1,4,3,6,2,7,2,1,6,1,3,1
327:7,9,4,6,7,5,1,3,8,8,1,8,8,2,8,5,8,6,1,2,4,5,1,4,3,2,4,9,7,9
328:5,1,7,1,9,2,4,9,7,7,1,7,8,2,7,9,7,2,1,2,6,5,4,1,5,1,8,3,9,3
329:7,2,7,6,7,1,9,4,2,8,4,5,9,1,1,9,9,2,2,2,3,2,1,6,1,9,9,1,5,1
330:4,8,9,1,5,6,5,2,1,6,7,1,7,3,6,5,2,4,7,6,1,7,7,8,1,4,5,9,4,8
331:8,4,1,7,8,4,8,5,1,4,9,1,4,6,8,9,9,4,7,5,9,3,4,1,3,4,5,8,1,2
332:8,4,8,6,6,3,5,6,6,3,1,2,5,4,7,5,4,9,8,5,3,8,9,7,2,9,1,1,8,7
333:4,1,8,4,6,7,7,9,9,8,1,8,7,7,6,1,2,7,6,9,7,1,9,5,7,2,3,3,8,4
334:7,1,6,4,3,1,4,5,5,2,8,7,4,7,4,7,5,1,1,1,8,5,8,8,1,9,8,9,3,7
335:5,7,1,1,1,2,1,6,8,8,6,4,3,7,3,6,5,8,4,2,3,7,2,7,8,3,7,7,7,4
336:9,2,4,3,8,1,4,8,4,5,9,5,2,7,3,8,4,6,8,2,3,2,7,2,4,7,5,8,4,3
337:7,2,7,6,7,1,9,4,2,8,4,5,9,1,1,9,9,2,2,2,1,2,1,6,1,9,9,1,5,1
338:6,4,8,1,1,5,1,1,2,1,4,3,4,6,2,6,7,3,1,1,8,7,2,3,1,2,7,3,8,4
339:8,6,6,7,4,9,8,3,3,6,1,1,8,3,3,8,6,5,5,8,9,8,2,4,3,9,6,3,7,5
340:4,6,6,4,2,6,5,5,4,3,1,3,8,2,2,6,7,4,1,9,6,3,8,7,8,2,5,7,6,3
341:7,9,4,6,7,5,1,3,8,8,1,8,8,2,8,5,8,6,1,2,4,5,1,4,3,9,4,9,7,9
342:4,6,2,2,7,4,8,4,7,1,1,4,2,3,8,7,5,2,3,1,8,2,5,5,4,8,3,5,5,2
343:3,4,7,3,6,3,5,8,6,9,8,3,6,3,3,2,8,2,4,4,8,2,3,3,1,9,9,7,5,3
344:9,9,9,1,3,4,6,4,8,1,3,3,2,4,1,1,5,9,8,6,9,7,5,9,9,1,3,7,7,5
345:9,5,5,6,4,2,2,9,2,7,6,3,3,5,4,3,6,2,6,1,6,6,5,4,2,8,9,5,8,9
346:5,7,1,1,1,2,1,6,8,8,6,4,3,7,3,6,5,8,4,2,3,7,2,7,8,3,7,7,7,4
347:6,8,8,2,5,4,7,1,5,5,4,2,4,6,3,7,1,8,5,8,5,8,7,9,9,8,3,4,1,8
348:3,1,8,3,3,7,1,3,3,1,2,5,9,3,1,8,5,2,1,4,4,1,5,8,9,4,4,1,1,3
349:5,7,1,1,1,2,1,6,8,8,6,4,3,7,3,6,5,8,4,2,3,7,2,7,8,3,7,7,7,1
350:7,9,1,8,2,2,9,3,5,9,3,8,7,7,6,9,3,8,5,8,5,7,2,6,1,3,2,3,8,4
351:5,7,3,6,8,9,7,8,1,8,3,7,6,5,2,4,2,6,8,8,4,7,3,9,4,7,7,3,4,2
352:7,8,6,3,3,7,8,8,1,5,3,2,5,3,5,9,3,5,8,3,3,4,6,4,5,3,1,6,1,4
353:3,7,9,1,1,9,2,2,6,2,6,8,1,8,9,5,5,9,6,9,3,8,1,4,4,7,9,8,8,6
354:2,7,6,3,6,1,1,2,4,3,9,2,7,2,5,4,8,5,2,2,2,6,2,1,4,8,3,5,5,5
355:6,8,9,4,4,5,1,8,1,1,6,7,3,8,8,7,5,4,1,6,5,5,4,2,2,4,2,6,3,7
356:1,7,1,2,6,1,8,5,7,8,5,1,4,3,3,7,9,1,3,6,7,8,6,9,2,3,7,7,2,2
357:7,4,3,3,2,9,6,5,1,1,1,6,8,3,2,9,4,4,9,3,7,7,9,2,9,2,7,1,8,1
358:9,1,3,2,4,5,7,3,7,6,9,3,8,5,8,2,8,5,1,1,2,9,3,9,1,8,3,9,2,7
359:5,1,5,1,5,8,4,1,2,7,9,7,5,1,6,8,2,3,1,3,9,3,8,7,5,3,4,4,4,7
360:4,2,2,1,9,8,6,1,9,5,4,8,4,2,8,3,2,5,9,1,4,8,4,8,8,7,1,9,5,3
361:3,7,2,2,7,1,7,9,4,6,3,4,4,4,7,3,2,6,4,9,1,6,1,9,9,3,6,5,9,7
362:4,5,8,8,7,1,6,2,4,7,9,5,4,4,1,9,2,6,4,2,6,1,5,9,6,3,5,1,7,5
363:6,9,4,9,7,7,6,8,1,2,7,3,2,3,3,6,3,6,2,3,6,3,3,3,2,3,4,1,3,4
364:3,1,6,9,1,4,7,1,7,8,8,2,4,8,1,7,4,1,3,6,2,7,1,2,7,2,9,8,6,6
365:2,1,6,4,5,7,4,8,4,4,6,7,4,2,8,3,9,6,6,1,6,1,3,1,1,9,8,1,6,9
366:8,8,6,3,1,1,4,4,9,1,7,4,3,3,6,6,1,4,6,8,1,6,5,2,4,9,5,5,5,2
367:1,9,8,5,9,8,7,5,7,9,1,6,8,4,8,4,2,6,1,9,1,6,1,1,2,2,7,1,4,9
368:6,4,7,8,3,6,3,8,9,2,4,1,8,6,7,3,8,9,5,5,7,9,4,7,2,3,8,9,3,2
369:3,2,2,9,4,1,9,7,7,4,2,8,2,3,7,9,7,1,3,2,3,1,4,5,1,1,7,8,4,7
370:6,9,3,4,7,6,7,9,2,1,7,2,3,1,6,8,7,1,4,1,2,5,9,7,3,8,8,3,3,7
371:4,2,2,8,6,9,1,6,9,1,2,2,5,3,8,4,9,8,1,7,2,1,1,4,6,9,7,3,7,9
372:9,8,1,8,3,1,3,3,5,9,9,6,5,3,1,6,2,5,8,4,5,2,3,4,3,3,2,2,9,4
373:8,5,5,2,9,9,3,1,9,4,6,8,6,7,7,5,6,9,9,2,7,2,4,2,5,3,5,7,2,7
374:5,1,7,8,8,5,1,2,4,2,5,1,9,4,7,7,7,1,8,5,1,5,5,7,8,1,9,9,6,4
375:1,6,8,3,8,4,3,3,5,3,4,3,8,1,2,4,7,4,9,1,4,5,9,8,9,9,6,4,7,5
376:6,3,2,3,1,2,2,9,6,2,4,2,4,5,5,3,1,1,1,2,9,9,6,7,1,2,2,5,3,7
377:6,8,2,9,5,2,6,8,1,9,8,6,8,5,1,5,2,1,5,7,8,9,4,7,7,9,1,9,3,7
378:8,4,1,7,8,4,8,5,1,4,9,1,4,6,8,9,9,4,7,5,9,3,4,1,3,4,5,8,1,2
379:3,9,5,3,9,8,2,5,5,2,6,9,7,8,2,6,4,5,7,3,5,9,1,6,6,2,3,2,7,7
380:7,9,4,5,4,1,4,9,3,8,6,3,3,9,7,9,5,3,6,4,4,8,5,8,2,5,7,9,4,2
381:1,3,2,9,3,1,9,7,3,1,3,9,6,8,3,6,6,4,3,8,6,9,6,4,3,8,4,9,6,9
382:6,3,6,2,9,5,6,7,9,8,8,5,8,8,3,9,1,5,5,9,2,6,9,3,1,1,5,7,2,3
383:7,4,9,1,5,7,4,8,7,5,4,6,9,3,8,8,7,9,4,8,5,3,5,6,3,4,8,1,3,1
384:3,3,5,7,5,1,3,1,6,8,9,9,3,8,3,8,1,1,2,7,7,1,2,1,4,6,4,5,4,6
385:8,2,7,5,1,9,4,2,6,5,2,6,5,5,3,8,1,7,3,4,6,3,1,1,8,5,2,2,4,6
386:8,5,1,5,8,3,9,1,1,9,1,2,2,8,4,6,5,7,3,1,1,5,2,5,4,8,3,6,5,8
387:5,1,7,1,9,2,4,9,9,7,1,7,8,2,7,9,7,2,1,2,6,5,4,1,5,1,8,3,9,9
388:3,2,6,6,1,8,9,4,1,9,2,9,7,5,2,1,3,3,4,8,7,8,2,8,1,3,9,8,2,8
389:8,2,8,4,7,8,4,3,9,4,7,4,2,7,1,1,5,8,1,6,7,4,7,3,4,8,5,8,6,2
390:2,8,8,4,5,2,7,6,2,2,3,1,5,3,8,7,7,3,2,8,1,6,9,7,1,3,7,9,3,4
391:6,9,3,4,7,6,7,9,2,1,7,2,3,1,6,8,7,1,4,1,2,5,9,7,3,8,8,3,3,2
392:6,9,4,9,7,7,6,8,1,2,7,3,2,3,3,6,3,6,2,3,6,3,4,3,2,3,4,1,3,5
393:7,9,5,6,1,8,9,5,3,1,8,9,5,9,2,1,8,2,8,3,5,3,5,4,2,1,7,7,9,9
394:3,7,5,8,8,9,5,6,5,4,2,2,4,6,3,6,1,1,9,6,5,8,9,2,3,2,8,5,2,8
395:1,7,9,4,9,6,5,7,9,7,4,6,9,8,5,2,3,7,5,3,7,6,1,3,4,7,8,7,2,8
396:5,1,8,6,2,8,5,4,4,3,4,2,3,4,8,1,1,9,8,9,2,1,1,3,7,6,7,1,6,4
397:4,7,6,6,4,6,4,5,1,5,8,6,2,9,6,9,9,1,2,5,3,4,9,5,2,2,6,8,2,1
398:2,7,8,8,1,7,9,3,9,8,9,7,5,6,9,4,9,8,4,5,3,9,9,6,9,4,8,3,6,9
399:2,4,5,5,1,6,2,3,9,3,1,8,5,4,9,7,4,9,8,5,1,9,3,8,8,2,7,2,8,5
400:5,9,2,3,2,5,5,5,5,7,5,8,4,8,2,9,2,9,8,4,4,3,4,5,2,5,2,7,2,6
401:3,1,2,4,2,1,3,1,9,9,3,6,8,9,7,5,5,8,8,4,3,7,6,7,1,7,3,4,6,5
402:4,2,6,4,3,7,3,6,1,6,7,8,2,1,4,5,3,4,9,4,4,7,6,6,9,6,4,8,5,3
403:7,4,3,3,2,9,6,5,1,1,1,6,8,3,2,9,4,4,9,3,7,7,9,2,9,2,7,1,8,8
404:3,5,2,1,1,1,3,7,6,7,2,7,8,6,1,4,8,6,7,6,4,8,5,5,1,1,3,1,7,9
405:9,2,7,2,1,9,9,1,1,2,9,1,6,1,6,4,6,4,3,8,3,5,7,1,7,1,5,2,5,7
406:7,1,1,2,7,5,1,9,6,8,4,6,7,9,8,6,2,9,7,2,8,4,2,1,1,3,4,1,9,7
407:7,2,3,9,3,6,6,6,7,2,6,2,2,6,3,4,8,2,3,4,5,4,4,3,1,4,1,8,6,1
408:3,7,4,1,1,3,4,1,5,6,6,8,1,4,8,3,3,7,3,8,2,9,7,1,7,1,1,2,5,7
409:3,5,9,3,8,7,9,5,4,3,6,3,3,4,7,8,7,5,2,6,1,1,1,2,9,7,6,6,4,6
410:3,3,7,3,2,1,4,2,2,2,9,9,6,7,6,2,4,1,6,1,2,6,3,7,2,7,2,4,1,5
411:4,6,6,4,2,6,5,5,4,3,1,3,8,2,2,6,7,4,1,9,6,3,8,7,8,2,5,7,6,9
412:3,6,8,6,9,6,7,3,5,5,4,2,6,4,6,6,1,5,3,4,5,3,8,2,9,2,9,3,9,1
413:9,6,8,1,7,7,1,9,2,4,1,9,2,3,9,1,8,6,2,3,8,1,1,3,4,2,9,9,5,7
414:3,1,2,4,2,1,3,1,9,9,3,6,8,9,7,5,8,8,8,4,3,7,6,7,1,7,3,4,6,5
415:8,3,6,9,7,4,1,9,1,8,6,8,8,3,6,6,9,6,7,8,4,6,2,2,6,8,2,2,5,6
416:4,8,4,4,5,2,2,3,4,3,2,4,6,2,6,3,5,5,9,6,2,3,6,5,4,5,6,6,3,4
417:5,2,3,8,2,1,3,3,2,2,9,1,7,8,6,7,6,6,5,6,5,2,6,2,1,8,8,8,5,7
418:8,3,8,5,3,8,7,8,4,7,9,7,2,1,9,1,3,3,5,6,9,6,9,3,1,2,2,9,5,5
419:5,7,4,8,5,7,4,1,4,6,1,8,1,4,9,9,3,8,2,3,1,9,1,3,9,6,5,4,3,2
420:4,3,6,9,3,4,9,8,8,4,9,7,1,6,2,7,9,7,9,8,1,5,3,4,4,6,8,3,2,7
421:8,3,4,6,1,8,3,9,3,9,6,8,3,9,5,6,6,9,9,4,2,6,1,5,4,8,4,8,8,8
422:3,2,5,3,7,7,7,9,6,3,7,1,4,5,1,1,2,9,3,4,1,6,7,4,4,1,4,9,8,7
423:3,2,6,1,9,3,5,2,8,3,9,3,6,5,6,3,1,8,3,9,7,2,4,7,8,8,1,7,4,4
424:9,5,3,5,9,5,8,2,8,4,1,6,6,6,7,2,3,8,8,1,4,8,2,1,1,9,6,3,7,7
425:5,3,1,8,7,9,5,7,1,9,6,8,4,6,8,1,6,4,9,3,2,5,6,3,5,4,5,6,6,1
426:5,3,1,8,7,9,5,7,1,9,6,8,4,6,8,1,6,4,9,7,2,5,6,3,5,4,5,6,6,1
427:6,2,1,5,5,4,1,2,6,3,6,7,7,1,2,8,7,5,2,2,6,1,4,6,8,6,7,3,2,7
428:8,3,4,6,8,8,3,9,3,9,6,8,3,9,5,6,6,9,9,4,2,6,1,5,4,8,4,8,8,8
429:7,3,9,5,5,4,6,8,8,5,8,8,9,4,7,9,8,4,2,7,6,8,4,5,4,3,5,3,1,6
430:9,4,2,5,1,2,6,5,9,7,9,9,6,2,5,4,8,9,1,4,3,6,2,7,2,1,6,1,3,4
431:8,2,9,2,2,6,9,9,3,5,4,1,7,3,5,5,7,4,4,7,1,7,7,7,3,1,1,7,4,7
432:8,8,1,2,8,3,8,2,4,2,8,8,7,6,4,5,8,3,4,9,5,1,9,1,2,7,5,9,3,3
433:6,7,3,2,3,9,8,3,1,8,1,8,4,6,4,8,6,6,1,2,5,4,3,3,5,6,9,9,2,3
434:2,5,7,4,3,4,6,4,5,3,2,8,7,5,3,6,8,4,5,2,4,8,3,9,1,3,9,7,7,2
435:5,1,4,8,2,9,5,1,5,1,1,2,8,9,3,9,3,9,6,5,5,9,8,1,1,1,4,1,6,1
436:8,7,7,4,8,4,4,7,5,3,2,4,5,5,4,7,2,9,3,4,6,9,3,9,1,1,6,6,2,5
437:4,4,3,6,9,8,2,9,8,4,9,5,3,8,8,3,1,7,4,2,9,2,7,4,1,5,9,7,9,2
438:1,7,1,2,6,1,8,5,7,8,5,1,4,3,3,7,9,1,3,6,7,8,6,9,2,3,7,7,2,6
439:8,7,8,8,4,7,4,9,2,1,2,4,9,4,4,4,5,7,1,2,8,5,3,4,4,2,6,7,6,8
440:1,2,1,7,4,9,2,6,9,5,6,9,6,2,8,1,7,6,3,5,4,6,3,7,3,6,5,8,7,7
441:1,2,6,7,8,3,1,9,8,7,2,8,3,5,6,8,4,1,5,3,6,5,1,6,7,7,6,7,5,4
442:9,2,7,2,1,9,9,1,1,2,9,1,6,1,6,4,6,4,3,8,3,5,7,1,7,1,5,2,5,4
443:9,4,2,9,8,6,2,1,6,3,3,5,3,7,3,5,8,3,9,9,2,5,6,5,9,8,5,4,4,7
444:3,2,6,6,1,8,9,4,1,9,2,9,7,5,1,1,3,3,4,8,7,8,2,8,1,3,9,8,2,9
445:5,5,8,2,6,5,1,9,4,1,5,7,6,6,6,5,4,9,2,2,9,9,1,7,7,7,6,2,6,1
446:7,3,6,5,1,1,9,6,7,6,2,4,7,1,7,1,2,5,4,2,6,1,6,2,2,8,5,6,8,9
447:3,5,2,1,1,1,3,7,6,7,6,7,8,6,1,4,8,6,7,6,4,8,5,5,1,1,3,1,7,8
448:4,9,7,5,8,4,4,6,7,1,3,6,9,4,6,9,2,4,1,4,8,4,2,4,8,7,5,6,7,7
449:6,3,5,6,4,3,6,1,8,2,8,7,9,8,2,1,7,9,4,4,1,6,8,7,1,5,5,5,3,5
450:1,2,5,4,7,8,3,9,7,2,5,8,7,3,7,1,4,5,9,7,6,4,7,7,6,3,7,1,8,9
451:2,1,6,7,2,6,3,2,2,3,1,7,6,9,4,4,3,6,8,8,3,8,8,2,7,8,5,6,5,4
452:8,6,7,1,1,8,9,5,7,5,5,1,5,1,5,5,2,9,3,4,3,9,3,7,1,6,5,1,4,9
453:4,9,7,5,8,4,4,6,7,1,3,6,9,6,6,9,2,4,1,4,8,4,2,4,8,7,5,6,7,6
454:6,7,9,3,9,4,8,1,8,6,7,2,6,9,2,3,3,3,5,6,1,9,1,9,3,1,9,3,4,6
455:3,5,5,6,8,9,7,1,8,2,6,2,4,3,8,6,2,1,6,6,3,5,8,8,3,8,8,2,8,9
456:8,2,9,2,2,6,9,9,3,5,4,1,7,3,5,5,7,4,4,7,1,7,7,7,3,1,1,7,4,1
457:8,3,4,6,8,8,3,9,3,9,6,8,3,9,5,6,6,9,9,4,2,6,1,5,4,8,4,8,8,4
458:9,2,4,3,8,1,4,8,4,5,9,5,2,7,3,8,4,6,8,2,3,2,5,2,4,7,5,8,4,3
459:3,5,9,3,8,7,9,5,4,3,6,3,3,4,7,8,7,5,2,6,1,1,1,2,9,7,6,6,2,9
460:2,5,9,7,9,5,2,8,5,5,8,2,7,6,9,8,5,4,6,9,4,3,9,1,3,4,1,2,4,5
461:5,1,4,8,2,9,5,1,5,1,1,2,8,9,3,9,3,9,6,5,5,9,8,1,1,1,4,1,6,3
462:2,8,8,4,5,2,7,6,2,2,3,4,5,3,8,7,7,3,2,8,1,6,9,7,1,3,7,9,3,4
463:1,8,6,3,3,7,8,8,1,5,3,2,5,3,5,9,3,5,8,3,3,4,6,4,5,3,1,6,1,4
464:4,8,4,8,6,5,5,1,8,4,6,3,3,6,7,3,4,9,8,3,8,4,4,5,4,6,1,1,2,3
465:5,1,8,7,9,6,3,9,7,1,5,9,4,1,7,3,1,6,3,4,5,2,9,2,4,2,9,4,3,4
466:6,2,4,4,5,2,7,5,3,9,4,8,4,1,5,1,8,7,7,8,6,9,7,5,5,4,3,8,7,8
467:8,5,2,1,4,1,8,6,4,8,7,2,2,1,9,4,1,6,7,2,4,4,8,7,1,2,7,1,9,1
468:6,4,8,1,1,5,1,1,2,1,4,3,4,6,2,6,7,3,1,1,8,7,2,3,1,2,7,3,8,7
469:5,6,2,4,5,5,5,3,2,3,8,9,7,4,4,8,8,1,9,3,1,5,3,4,7,7,4,6,7,3
470:5,1,5,1,5,8,4,1,2,9,9,7,5,1,6,8,2,3,1,3,9,3,8,7,5,3,4,4,4,7
471:2,1,1,8,8,3,6,1,5,4,8,7,3,7,8,2,9,1,7,1,7,3,5,2,7,5,4,8,4,9
472:8,9,5,4,4,3,7,5,6,8,2,8,3,8,4,8,1,1,6,2,4,4,4,1,2,5,4,6,6,9
473:8,5,1,5,8,3,9,1,1,9,1,2,2,8,4,6,5,7,3,1,1,5,2,5,4,8,3,6,5,1
474:4,5,9,9,9,2,7,2,6,1,9,3,6,1,1,2,7,5,2,6,9,3,7,4,1,9,6,3,5,8
475:6,2,7,9,9,7,2,6,9,8,7,1,4,8,4,8,5,9,8,5,9,1,3,1,1,1,6,6,6,2
476:9,1,3,2,4,5,7,3,7,6,9,3,8,5,8,2,8,5,1,1,2,9,3,9,1,8,3,9,2,7
477:5,6,2,4,5,5,5,3,2,3,8,9,7,4,4,8,8,1,9,3,1,5,3,4,7,7,4,6,7,8
478:7,6,5,4,2,4,3,3,8,5,7,3,5,7,8,9,5,7,5,4,8,5,4,7,8,7,1,7,2,3
479:4,9,9,3,8,4,5,7,4,6,4,4,7,6,4,1,7,2,7,5,6,3,2,4,9,5,8,2,7,9
480:5,4,6,8,1,3,9,1,9,5,8,8,1,9,4,8,9,5,4,6,2,6,2,2,2,9,3,9,6,1
481:6,3,1,3,9,7,3,2,2,4,1,1,5,6,2,1,3,7,7,5,7,1,9,5,6,9,4,8,8,1
482:6,5,2,2,7,7,3,4,7,4,7,5,1,8,5,7,1,5,6,5,1,6,1,7,1,1,9,6,6,9
483:1,4,9,5,1,3,2,1,8,4,5,6,9,7,6,5,1,5,6,9,6,6,2,8,5,5,9,5,1,8
484:3,5,6,3,7,5,1,9,8,4,5,3,1,2,9,4,8,9,4,1,6,2,6,7,2,1,6,4,9,7
485:8,9,7,5,7,3,1,8,9,9,9,5,5,7,4,1,1,6,4,2,6,2,4,2,8,5,1,5,7,4
486:6,7,5,5,9,3,4,8,7,3,7,8,3,6,4,1,1,1,5,6,8,6,6,6,4,3,8,7,5,9
487:3,2,7,5,6,6,8,4,2,4,2,8,7,3,2,5,2,1,4,6,8,3,2,6,3,5,4,7,1,5
488:7,1,4,6,9,2,7,6,6,8,3,6,3,5,2,3,9,5,9,7,8,6,8,7,2,5,1,7,9,1
489:9,7,8,2,2,8,8,8,5,6,7,1,6,1,1,3,3,5,5,3,7,6,9,3,9,2,3,9,8,9
490:5,1,7,8,7,1,2,8,6,6,7,6,8,8,6,7,8,8,5,7,6,7,2,9,3,3,1,1,7,8
491:2,6,7,7,2,9,4,2,6,7,8,7,5,5,4,3,9,3,8,7,3,6,3,6,2,7,5,4,2,5
492:7,3,2,8,9,2,6,2,9,8,2,5,6,6,7,1,5,5,1,1,3,8,1,1,1,2,6,9,3,7
493:1,4,5,5,6,3,8,5,5,1,4,4,3,9,3,7,4,7,8,8,2,5,4,1,1,6,6,2,6,8
494:4,6,4,8,7,1,6,3,9,2,1,3,8,8,5,1,1,5,1,3,8,1,4,1,8,3,6,1,6,7
495:8,3,4,4,5,2,3,8,3,5,4,4,1,8,2,2,5,8,1,7,6,9,5,1,2,2,3,5,1,3
496:5,6,9,3,9,9,1,3,5,1,5,8,8,9,7,1,1,6,1,3,3,7,6,4,1,1,7,5,2,1
497:2,9,2,5,8,7,7,6,5,6,3,7,5,8,8,4,3,9,5,2,3,8,3,5,8,3,8,6,5,3
498:7,2,5,5,3,8,6,3,3,6,9,8,1,7,9,4,7,9,2,2,7,6,5,5,2,6,9,1,7,6
499:9,8,1,8,3,1,3,3,5,9,9,6,5,3,1,6,2,5,8,4,5,2,3,4,2,3,2,2,9,6
500:4,6,4,8,7,1,6,3,9,2,1,3,8,8,5,1,1,5,1,3,8,1,4,1,8,3,6,1,6,2
