1:6,7,9,9,4,4,1,3,1,2,3,8,8,1,6,5,6,3,1,1,3,8,6,4,4,7,3,8,8,3
2:6,6,4,4,8,6,8,6,4,6,9,2,9,7,3,8,1,2,6,8,7,1,9,5,1,1,9,3,2,3
3:9,3,1,1,5,3,5,6,8,1,3,9,9,4,5,8,2,9,7,6,6,1,5,7,3,2,6,9,2,3
4:1,4,9,7,8,2,2,4,2,1,7,3,5,1,4,7,3,8,9,5,5,9,8,9,3,7,8,6,7,2
5:7,6,5,1,3,2,3,3,5,7,3,9,8,5,9,4,2,5,9,8,1,3,3,7,2,4,4,5,4,7
6:1,2,8,9,7,9,3,3,4,4,9,3,7,5,5,5,8,7,3,4,6,6,5,9,2,1,3,2,9,3
7:2,7,5,9,4,5,6,8,9,4,5,9,9,2,3,9,2,8,5,6,8,5,8,3,9,2,9,3,2,2
8:3,9,7,7,7,4,9,6,3,9,8,7,2,2,8,9,4,2,7,7,6,8,7,1,5,7,8,8,2,4
9:6,4,5,7,2,3,5,9,9,1,2,3,4,7,3,8,4,5,5,2,7,4,8,5,9,9,7,2,7,9
10:4,3,8,7,5,6,8,9,1,8,6,9,8,3,9,7,6,2,2,2,7,1,8,3,7,8,1,3,9,6
11:8,3,9,2,7,6,5,4,7,3,1,6,7,6,7,6,3,2,6,1,7,7,8,3,6,1,3,3,3,9
12:8,7,3,8,4,3,9,2,2,5,2,8,7,4,8,7,3,9,3,8,7,2,5,6,6,3,6,1,1,3
13:2,3,3,1,8,1,4,6,5,7,1,3,8,9,9,4,3,2,6,6,3,3,6,4,5,7,4,7,3,3
14:5,2,2,6,4,3,1,2,3,5,8,5,1,9,5,3,6,7,3,3,8,6,1,8,5,7,9,7,4,3
15:9,2,6,1,1,2,9,4,1,3,4,1,1,9,7,4,3,9,4,2,3,6,3,3,9,4,2,3,8,6
16:3,4,6,9,5,3,9,2,7,7,6,1,5,8,6,9,9,5,8,5,2,2,8,8,3,5,5,6,4,1
17:7,1,4,9,4,1,7,3,3,6,4,4,9,7,5,4,5,6,1,6,3,5,3,1,5,7,6,4,3,6
18:1,6,6,8,8,2,3,4,3,9,4,7,3,2,7,3,9,1,3,6,4,3,8,1,8,9,3,5,6,7
19:4,1,7,9,5,2,8,3,2,6,8,6,8,6,3,8,9,6,4,8,9,3,6,4,1,6,5,1,9,7
20:8,6,2,4,5,6,8,7,3,6,8,1,6,9,4,4,2,9,1,9,7,4,4,9,6,4,2,2,9,4
21:5,3,4,5,4,3,6,2,7,1,2,3,5,8,1,6,4,6,8,7,8,7,3,1,4,9,1,5,6,1
22:2,6,4,2,9,2,1,6,7,2,5,5,7,4,8,7,6,2,8,3,6,1,2,5,4,3,3,8,3,2
23:1,8,7,8,5,3,5,7,4,8,8,8,8,1,4,5,8,4,7,6,8,7,8,8,5,5,5,8,2,6
24:1,1,6,2,4,3,4,1,4,4,8,7,6,2,8,8,2,8,9,3,1,3,9,3,5,6,8,6,2,3
25:2,1,8,9,1,5,2,3,1,1,4,6,2,3,5,1,4,3,9,1,7,2,9,7,5,4,4,5,6,4
26:3,4,2,3,2,2,6,6,4,2,3,4,2,8,6,4,9,9,1,3,1,6,2,5,6,5,3,9,4,3
27:6,9,3,9,5,4,2,4,9,7,9,2,7,1,1,4,3,7,6,1,6,7,2,2,9,1,5,8,4,7
28:7,7,6,6,6,8,9,1,7,9,9,3,2,7,8,8,2,1,2,2,5,2,5,2,4,2,1,3,2,6
29:6,5,1,2,6,6,5,4,3,9,2,2,2,2,1,6,2,9,8,8,4,9,7,4,4,1,8,8,4,7
30:9,5,6,6,2,5,1,5,1,6,3,8,8,3,2,3,9,9,3,4,9,1,4,3,4,4,2,8,3,1
31:7,4,7,5,3,1,3,6,8,6,5,8,6,9,8,6,2,1,2,9,1,8,7,2,2,5,2,2,8,1
32:8,3,9,9,6,9,8,5,7,6,2,1,9,1,3,2,5,4,2,3,9,1,9,4,1,4,1,4,3,4
33:5,1,6,4,9,2,4,1,9,3,9,4,5,7,6,5,4,1,5,9,5,9,3,4,5,1,7,3,2,6
34:8,2,8,8,5,1,7,2,4,3,3,6,5,9,7,1,9,2,8,4,6,1,4,7,6,8,6,7,2,3
35:2,7,2,7,3,3,3,8,5,9,5,2,9,5,4,7,3,5,3,2,8,3,7,2,3,8,1,3,3,9
36:4,2,8,4,6,6,2,3,5,4,5,5,7,9,3,4,1,3,1,6,3,9,9,3,3,5,3,6,6,8
37:6,8,3,5,4,9,4,7,2,4,6,6,2,6,1,1,9,5,7,9,1,4,9,1,3,6,3,1,9,5
38:2,1,4,5,1,2,2,7,5,7,6,7,9,7,8,7,1,3,4,3,3,7,1,9,7,7,5,1,7,2
39:9,6,1,3,4,8,7,4,4,2,6,4,1,5,9,7,8,3,9,3,4,4,7,6,5,2,8,6,7,2
40:6,5,7,2,8,3,9,7,7,2,6,4,1,5,4,7,9,4,8,6,9,2,5,9,4,9,1,6,6,6
41:3,9,1,3,5,1,5,7,3,4,9,7,7,6,6,8,1,6,2,3,4,4,7,6,7,9,4,5,8,1
42:5,5,6,3,6,6,8,4,6,7,3,2,7,3,9,9,9,7,9,2,6,2,2,6,3,2,6,4,2,7
43:6,7,9,3,3,8,3,9,7,7,4,1,9,7,2,3,4,9,2,3,5,3,8,7,4,9,1,4,1,3
44:2,4,1,5,7,7,2,5,1,4,1,9,9,1,2,5,4,4,1,3,8,3,3,1,7,3,3,1,4,9
45:4,4,1,1,4,6,7,2,9,5,1,6,8,5,6,8,7,5,4,9,1,6,5,3,3,4,3,2,9,9
46:8,1,1,2,3,4,6,6,4,4,2,4,6,9,6,9,6,6,1,7,3,4,2,3,5,7,9,7,5,9
47:3,3,4,6,8,3,6,7,2,2,1,5,5,3,8,2,7,3,6,4,4,5,5,3,8,7,8,7,2,8
48:9,4,9,3,2,7,4,4,6,7,2,3,8,1,9,6,3,3,8,4,4,2,8,7,7,1,6,6,2,7
49:2,5,3,9,7,4,4,8,6,5,7,1,3,6,9,1,9,1,9,6,6,9,5,2,4,2,1,1,1,4
50:9,1,8,9,4,2,4,1,4,4,3,1,8,6,8,9,9,9,3,9,4,6,6,9,9,1,6,5,4,8
51:8,7,4,1,2,7,3,5,6,3,3,7,3,8,8,1,6,4,2,7,2,7,9,7,1,8,3,1,7,9
52:6,9,7,3,1,2,5,6,4,1,3,3,1,4,9,2,7,4,9,6,1,8,7,6,3,8,3,6,9,4
53:2,4,6,9,8,1,4,5,1,3,8,2,7,1,2,9,3,4,4,6,1,2,3,9,5,4,7,8,1,8
54:1,3,9,5,1,2,4,6,2,9,8,4,3,8,5,9,2,7,6,5,6,5,8,8,8,6,3,1,9,5
55:3,7,2,1,7,6,5,7,5,9,2,3,2,3,8,1,8,4,1,6,1,8,9,2,9,9,6,2,7,2
56:1,4,7,6,7,9,9,4,6,2,5,3,3,9,3,7,7,2,2,8,9,4,4,5,3,7,3,8,3,5
57:5,6,1,6,5,3,3,8,1,5,8,2,1,9,2,8,1,1,3,5,9,1,6,4,8,8,3,9,4,7
58:7,8,4,1,3,4,5,1,1,9,7,5,8,5,6,7,7,8,9,4,6,5,7,3,4,8,7,4,2,2
59:5,7,6,4,4,3,3,2,7,6,8,5,1,9,9,8,8,9,2,7,6,9,3,8,9,4,6,3,3,7
60:2,3,7,6,1,3,5,6,4,3,4,4,1,7,5,2,5,7,6,7,5,3,6,8,5,4,2,3,7,9
61:9,4,2,4,8,6,1,7,6,8,5,2,9,5,7,4,4,4,9,3,4,3,3,2,6,2,3,6,1,4
62:4,2,6,1,6,7,1,4,6,3,7,9,9,1,6,3,6,2,8,8,9,2,3,6,2,1,8,2,2,5
63:2,6,6,8,3,1,9,2,2,2,4,7,3,5,7,9,3,2,2,7,5,5,2,3,8,4,7,8,1,3
64:5,1,3,3,9,1,8,1,4,5,9,2,7,5,9,4,6,1,1,4,1,2,4,6,5,8,7,5,9,9
65:9,7,4,4,5,3,7,8,7,9,2,3,1,5,4,8,8,9,2,8,8,2,4,2,9,2,3,7,2,8
66:8,5,6,9,3,7,1,7,2,3,5,2,1,5,1,3,7,8,4,5,4,9,8,8,4,2,1,5,6,8
67:3,6,5,2,7,5,3,7,6,4,3,6,8,2,4,3,8,8,4,2,1,9,7,9,9,5,3,4,2,3
68:2,1,7,7,5,9,1,7,1,8,7,1,8,9,7,3,9,6,8,5,5,7,8,9,8,8,6,8,3,7
69:3,7,3,1,8,3,5,5,1,8,5,8,8,5,7,8,2,9,1,9,6,8,7,2,4,5,5,8,8,8
70:5,5,3,5,6,2,8,7,9,9,5,8,4,1,8,4,1,8,9,8,2,7,6,1,9,6,7,3,2,9
71:8,8,3,2,5,1,2,2,2,2,4,8,3,1,2,2,8,9,4,8,8,6,5,6,3,4,4,9,7,9
72:5,5,9,6,4,6,6,8,8,2,6,9,4,3,4,4,8,7,4,3,7,8,7,1,9,9,8,7,4,6
73:8,8,4,3,7,3,6,2,7,1,5,1,9,7,1,7,5,9,4,5,5,3,4,8,7,4,8,7,9,3
74:5,2,4,9,6,5,4,2,6,8,7,6,9,1,4,7,3,1,5,7,1,1,3,6,4,8,2,6,9,5
75:8,9,2,1,1,8,4,1,2,8,6,4,6,2,7,3,6,7,3,4,9,6,7,8,4,4,8,5,8,5
76:7,3,6,3,9,7,3,6,8,7,6,7,5,8,1,1,6,7,2,3,4,6,9,1,4,7,5,6,8,5
77:9,1,1,3,7,8,1,2,5,7,8,4,8,9,9,7,8,5,7,8,5,9,7,5,4,5,7,6,9,4
78:3,5,5,1,3,9,4,7,3,4,8,6,1,2,5,3,1,5,1,6,7,7,9,7,6,3,3,6,4,3
79:2,7,6,2,7,9,8,1,6,5,6,1,9,5,2,6,2,5,6,1,5,3,5,3,1,1,5,1,6,6
80:6,1,5,2,9,1,4,3,8,9,7,7,4,1,7,2,7,9,7,6,8,6,6,3,8,2,9,8,6,1
81:5,1,1,2,1,8,6,4,1,1,6,3,8,9,8,4,2,3,1,2,9,2,4,4,5,9,9,9,2,6
82:9,6,2,2,2,2,1,8,3,6,5,1,7,1,3,2,4,8,8,5,5,4,2,3,9,4,5,7,2,2
83:1,9,9,1,8,7,1,3,6,5,6,2,9,2,1,1,8,8,1,4,1,7,8,3,5,9,9,3,3,7
84:2,5,1,3,2,9,7,3,8,9,1,2,6,8,4,6,6,5,7,5,7,9,2,9,7,1,2,5,2,6
85:2,4,1,5,9,4,1,4,4,4,4,2,2,6,5,9,1,4,8,2,5,7,9,9,4,6,7,6,2,3
86:7,9,8,6,4,1,4,2,9,9,8,3,9,2,9,8,2,9,5,1,1,4,2,3,1,7,2,3,7,6
87:8,6,1,4,2,4,9,1,1,3,3,4,7,5,2,5,3,9,1,5,3,3,2,1,8,1,1,6,9,9
88:9,8,7,2,2,9,2,9,5,4,1,8,1,7,6,9,3,1,9,3,2,8,4,9,7,9,8,3,4,7
89:2,7,9,7,3,4,5,4,1,4,4,9,1,9,4,2,1,9,2,7,8,6,9,8,5,9,3,2,1,6
90:4,1,3,2,6,7,2,9,9,1,9,3,1,3,3,3,2,5,3,5,4,5,4,5,8,5,2,1,9,3
91:2,8,7,5,8,8,9,6,5,5,6,7,5,3,1,7,5,4,8,2,3,5,4,4,2,9,4,3,4,1
92:5,9,7,1,7,7,6,1,4,1,4,2,8,2,2,3,1,7,4,3,8,5,3,2,9,1,7,1,9,3
93:2,9,9,5,4,6,2,4,5,6,9,8,1,4,4,2,7,5,8,3,1,4,1,3,2,9,1,3,6,7
94:4,8,1,4,3,6,4,1,7,7,8,4,5,7,9,8,3,4,4,8,3,1,7,3,2,7,4,6,5,7
95:8,6,6,7,6,3,2,7,9,3,2,5,2,9,8,8,6,3,8,3,1,8,7,1,6,2,4,5,6,6
96:7,7,2,9,7,8,9,5,9,8,1,3,6,2,1,3,6,9,9,1,7,7,8,4,3,4,9,5,1,7
97:8,4,2,4,3,3,5,3,9,8,5,2,7,6,3,7,7,2,3,2,9,3,2,8,9,6,6,4,9,1
98:5,6,9,5,7,6,6,5,5,2,5,2,6,6,3,6,9,9,2,8,6,2,1,3,1,2,7,8,8,9
99:4,4,7,7,4,1,3,3,6,3,2,2,5,1,3,2,4,8,5,2,7,9,3,8,4,4,9,4,1,7
100:6,7,3,8,9,2,7,2,6,3,1,7,4,4,2,4,4,7,6,3,8,2,8,8,8,6,1,1,3,1